<?xml version="1.0" encoding="UTF-8"?>
<map version="1.10" tiledversion="1.11.0" orientation="orthogonal" renderorder="right-down" width="30" height="20" tilewidth="64" tileheight="64" infinite="1" nextlayerid="4" nextobjectid="1">
 <tileset firstgid="1" source=":/automap-tiles.tsx"/>
 <tileset firstgid="6" source="../tileset/generic.tsx"/>
 <tileset firstgid="9" source="../tileset/ground_tilemap.tsx"/>
 <layer id="3" name="regions" width="30" height="20" opacity="0.5">
  <data encoding="csv">
   <chunk x="-16" y="0" width="16" height="16">
0,0,0,0,0,0,0,0,0,0,0,0,0,0,0,0,
0,0,0,0,0,0,0,0,0,0,0,0,0,0,0,0,
0,0,0,0,0,0,0,0,0,0,0,0,0,0,0,0,
0,0,0,0,0,0,0,0,0,0,0,0,0,0,0,0,
0,0,0,0,0,0,0,0,0,0,0,0,0,0,0,0,
0,0,0,0,0,0,0,0,0,0,0,0,0,0,0,0,
0,0,0,0,0,0,0,0,0,0,0,0,0,0,0,0,
0,0,0,0,0,0,0,0,0,0,0,0,0,0,0,0,
0,0,0,0,0,0,0,0,0,0,0,0,0,0,0,0,
0,0,0,0,0,0,0,0,0,0,0,0,0,0,0,0,
0,0,0,0,0,0,0,0,0,0,0,0,0,0,0,0,
0,0,0,0,0,0,0,0,0,0,0,0,0,0,0,8,
0,0,0,0,0,0,0,0,0,0,0,0,0,0,0,8,
0,0,0,0,0,0,0,0,0,0,0,0,0,0,0,0,
0,0,0,0,0,0,0,0,0,0,0,0,0,0,0,0,
0,0,0,0,0,0,0,0,0,0,0,0,0,0,0,0
</chunk>
   <chunk x="0" y="0" width="16" height="16">
8,0,0,0,0,0,0,0,0,0,0,0,0,0,0,0,
0,0,0,0,0,0,0,0,0,0,0,0,0,0,0,0,
8,8,8,0,0,0,0,0,0,0,0,0,0,0,0,0,
8,8,8,0,8,0,0,0,0,0,0,0,0,0,0,0,
8,8,8,0,0,0,0,0,0,0,0,0,0,0,0,0,
0,0,0,0,0,0,0,0,0,0,0,0,0,0,0,0,
0,0,0,0,0,0,0,0,0,0,0,0,0,0,0,0,
8,8,0,8,8,0,0,8,0,0,0,8,0,0,0,0,
0,0,0,0,0,0,0,8,0,0,0,8,0,0,0,0,
0,0,0,0,0,0,0,0,0,0,0,0,0,0,0,0,
0,0,0,0,0,0,0,0,0,8,0,0,0,0,0,8,
8,0,0,0,8,8,0,0,8,8,8,0,0,0,8,8,
8,8,0,8,8,8,0,0,0,8,8,0,0,0,8,8,
8,0,0,0,8,0,0,0,0,0,0,0,0,0,0,0,
0,0,0,0,0,0,0,0,0,0,0,0,0,0,0,0,
0,0,0,8,0,0,0,8,0,0,0,8,0,0,8,0
</chunk>
   <chunk x="16" y="0" width="16" height="16">
0,0,0,0,0,0,0,0,0,0,0,0,0,0,0,0,
0,0,0,0,0,0,0,0,0,0,0,0,0,0,0,0,
0,0,0,0,0,0,0,0,0,0,0,0,0,0,0,0,
0,0,0,0,0,0,0,0,0,0,0,0,0,0,0,0,
0,0,0,0,0,0,0,0,0,0,0,0,0,0,0,0,
0,0,0,0,0,0,0,0,0,0,0,0,0,0,0,0,
0,0,0,0,0,0,0,0,0,0,0,0,0,0,0,0,
0,0,0,0,0,0,0,0,0,0,0,0,0,0,0,0,
0,0,0,0,0,0,0,0,0,0,0,0,0,0,0,0,
0,0,0,0,0,0,0,0,0,0,0,0,0,0,0,0,
0,0,0,0,0,0,0,0,0,0,0,0,0,0,0,0,
8,0,0,0,0,0,0,0,0,0,0,0,0,0,0,0,
0,0,0,0,0,0,0,0,0,0,0,0,0,0,0,0,
0,0,0,0,0,0,0,0,0,0,0,0,0,0,0,0,
0,0,0,0,0,0,0,0,0,0,0,0,0,0,0,0,
0,0,0,0,0,0,0,0,0,0,0,0,0,0,0,0
</chunk>
   <chunk x="-16" y="16" width="16" height="16">
0,0,0,0,0,0,0,0,0,0,0,0,0,0,0,8,
0,0,0,0,0,0,0,0,0,0,0,0,0,0,8,8,
0,0,0,0,0,0,0,0,0,0,0,0,0,0,0,8,
0,0,0,0,0,0,0,0,0,0,0,0,0,0,0,0,
0,0,0,0,0,0,0,0,0,0,0,0,0,0,0,0,
0,0,0,0,0,0,0,0,0,0,0,0,0,0,0,0,
0,0,0,0,0,0,0,0,0,0,0,0,0,0,0,0,
0,0,0,0,0,0,0,0,0,0,0,0,0,0,0,0,
0,0,0,0,0,0,0,0,0,0,0,0,0,0,0,0,
0,0,0,0,0,0,0,0,0,0,0,0,0,0,0,0,
0,0,0,0,0,0,0,0,0,0,0,0,0,0,0,0,
0,0,0,0,0,0,0,0,0,0,0,0,0,0,0,0,
0,0,0,0,0,0,0,0,0,0,0,0,0,0,0,0,
0,0,0,0,0,0,0,0,0,0,0,0,0,0,0,0,
0,0,0,0,0,0,0,0,0,0,0,0,0,0,0,0,
0,0,0,0,0,0,0,0,0,0,0,0,0,0,0,0
</chunk>
   <chunk x="0" y="16" width="16" height="16">
0,0,8,8,8,0,0,8,8,0,8,8,0,8,8,8,
8,0,0,8,0,0,0,8,0,0,0,8,0,0,0,0,
0,0,0,0,0,0,0,0,0,0,0,0,0,0,0,0,
0,8,0,0,0,0,0,0,0,0,0,0,0,0,0,0,
8,8,8,0,0,0,0,0,0,0,0,0,0,0,0,0,
0,8,0,0,0,0,0,0,0,0,0,0,0,0,0,0,
0,0,0,0,0,0,0,0,0,0,0,0,0,0,0,0,
0,8,8,0,8,8,0,0,0,8,0,0,0,8,0,0,
8,8,8,0,8,8,8,0,8,8,8,0,8,8,8,0,
0,8,0,0,0,8,0,0,8,8,0,0,0,8,8,0,
0,0,0,0,0,0,0,0,0,0,0,0,0,0,0,0,
0,8,0,0,8,8,8,0,0,8,8,0,8,8,0,0,
8,8,8,0,8,8,8,0,8,8,8,0,8,8,8,0,
8,8,8,0,0,8,0,0,0,8,8,0,8,8,0,0,
0,0,0,0,0,0,0,0,0,0,0,0,0,0,0,0,
8,8,8,0,8,8,8,0,0,0,0,0,0,0,0,0
</chunk>
   <chunk x="16" y="16" width="16" height="16">
0,8,8,8,0,0,0,0,0,0,0,0,0,0,0,0,
0,0,8,0,0,0,0,0,0,0,0,0,0,0,0,0,
0,0,0,0,0,0,0,0,0,0,0,0,0,0,0,0,
0,0,0,0,0,0,0,0,0,0,0,0,0,0,0,0,
0,0,0,0,0,0,0,0,0,0,0,0,0,0,0,0,
0,0,0,0,0,0,0,0,0,0,0,0,0,0,0,0,
0,0,0,0,0,0,0,0,0,0,0,0,0,0,0,0,
0,0,0,0,0,0,0,0,0,0,0,0,0,0,0,0,
0,0,0,0,0,0,0,0,0,0,0,0,0,0,0,0,
0,0,0,0,0,0,0,0,0,0,0,0,0,0,0,0,
0,0,0,0,0,0,0,0,0,0,0,0,0,0,0,0,
8,8,8,0,0,0,0,0,0,0,0,0,0,0,0,0,
8,8,8,0,0,0,0,0,0,0,0,0,0,0,0,0,
8,8,8,0,0,0,0,0,0,0,0,0,0,0,0,0,
0,0,0,0,0,0,0,0,0,0,0,0,0,0,0,0,
0,0,0,0,0,0,0,0,0,0,0,0,0,0,0,0
</chunk>
   <chunk x="0" y="32" width="16" height="16">
8,8,8,0,8,8,8,0,0,0,0,0,0,0,0,0,
8,8,8,0,8,8,8,0,0,0,0,0,0,0,0,0,
0,0,0,0,0,0,0,0,0,0,0,0,0,0,0,0,
8,8,0,0,0,8,8,0,8,8,0,0,0,8,8,0,
8,8,8,0,8,8,8,0,8,8,8,0,8,8,8,0,
0,8,8,0,8,8,0,0,0,8,8,0,8,8,0,0,
0,0,0,0,0,0,0,0,0,0,0,0,0,0,0,0,
8,8,8,0,8,8,8,0,8,8,8,0,8,8,8,0,
8,8,8,0,8,8,8,0,8,8,8,0,8,8,8,0,
8,8,8,0,8,8,8,0,8,8,8,0,8,8,8,0,
0,0,0,0,0,0,0,0,0,0,0,0,0,0,0,0,
0,8,0,0,8,8,8,0,0,8,8,0,8,8,0,0,
8,8,8,0,8,8,8,0,8,8,8,0,8,8,8,0,
8,8,8,0,0,8,0,0,0,8,8,0,8,8,0,0,
0,0,0,0,0,0,0,0,0,0,0,0,0,0,0,0,
0,8,0,0,8,8,8,0,0,8,8,0,8,8,0,0
</chunk>
   <chunk x="0" y="48" width="16" height="16">
8,8,8,0,8,8,8,0,8,8,8,0,8,8,8,0,
8,8,8,0,0,8,0,0,0,8,8,0,8,8,0,0,
0,0,0,0,0,0,0,0,0,0,0,0,0,0,0,0,
0,0,0,0,0,0,0,0,0,0,0,0,0,0,0,0,
0,0,0,0,0,0,0,0,0,0,0,0,0,0,0,0,
0,0,0,0,0,0,0,0,0,0,0,0,0,0,0,0,
0,0,0,0,0,0,0,0,0,0,0,0,0,0,0,0,
0,0,0,0,0,0,0,0,0,0,0,0,0,0,0,0,
0,0,0,0,0,0,0,0,0,0,0,0,0,0,0,0,
0,0,0,0,0,0,0,0,0,0,0,0,0,0,0,0,
0,0,0,0,0,0,0,0,0,0,0,0,0,0,0,0,
0,0,0,0,0,0,0,0,0,0,0,0,0,0,0,0,
0,0,0,0,0,0,0,0,0,0,0,0,0,0,0,0,
0,0,0,0,0,0,0,0,0,0,0,0,0,0,0,0,
0,0,0,0,0,0,0,0,0,0,0,0,0,0,0,0,
0,0,0,0,0,0,0,0,0,0,0,0,0,0,0,0
</chunk>
  </data>
 </layer>
 <layer id="1" name="input_solid" width="30" height="20">
  <data encoding="csv">
   <chunk x="-16" y="0" width="16" height="16">
0,0,0,0,0,0,0,0,0,0,0,0,0,0,0,0,
0,0,0,0,0,0,0,0,0,0,0,0,0,0,0,0,
0,0,0,0,0,0,0,0,0,0,0,0,0,0,0,0,
0,0,0,0,0,0,0,0,0,0,0,0,0,0,0,0,
0,0,0,0,0,0,0,0,0,0,0,0,0,0,0,0,
0,0,0,0,0,0,0,0,0,0,0,0,0,0,0,0,
0,0,0,0,0,0,0,0,0,0,0,0,0,0,0,0,
0,0,0,0,0,0,0,0,0,0,0,0,0,0,0,0,
0,0,0,0,0,0,0,0,0,0,0,0,0,0,0,0,
0,0,0,0,0,0,0,0,0,0,0,0,0,0,0,0,
0,0,0,0,0,0,0,0,0,0,0,0,0,0,0,0,
0,0,0,0,0,0,0,0,0,0,0,0,0,0,0,4,
0,0,0,0,0,0,0,0,0,0,0,0,0,0,0,4,
0,0,0,0,0,0,0,0,0,0,0,0,0,0,0,0,
0,0,0,0,0,0,0,0,0,0,0,0,0,0,0,0,
0,0,0,0,0,0,0,0,0,0,0,0,0,0,0,0
</chunk>
   <chunk x="0" y="0" width="16" height="16">
6,0,0,0,0,0,0,0,0,0,0,0,0,0,0,0,
0,0,0,0,0,0,0,0,0,0,0,0,0,0,0,0,
6,6,6,0,0,0,0,0,0,0,0,0,0,0,0,0,
6,6,6,0,4,0,0,0,0,0,0,0,0,0,0,0,
6,6,6,0,0,0,0,0,0,0,0,0,0,0,0,0,
0,0,0,0,0,0,0,0,0,0,0,0,0,0,0,0,
0,0,0,0,0,0,0,0,0,0,0,0,0,0,0,0,
4,6,0,6,4,0,0,4,0,0,0,6,0,0,0,0,
0,0,0,0,0,0,0,6,0,0,0,4,0,0,0,0,
0,0,0,0,0,0,0,0,0,0,0,0,0,0,0,0,
0,0,0,0,0,0,0,0,0,6,0,0,0,0,0,6,
4,0,0,0,4,4,0,0,6,6,4,0,0,0,4,6,
6,6,0,6,6,4,0,0,0,4,4,0,0,0,4,4,
6,0,0,0,6,0,0,0,0,0,0,0,0,0,0,0,
0,0,0,0,0,0,0,0,0,0,0,0,0,0,0,0,
0,0,0,4,0,0,0,4,0,0,0,4,0,0,4,0
</chunk>
   <chunk x="16" y="0" width="16" height="16">
0,0,0,0,0,0,0,0,0,0,0,0,0,0,0,0,
0,0,0,0,0,0,0,0,0,0,0,0,0,0,0,0,
0,0,0,0,0,0,0,0,0,0,0,0,0,0,0,0,
0,0,0,0,0,0,0,0,0,0,0,0,0,0,0,0,
0,0,0,0,0,0,0,0,0,0,0,0,0,0,0,0,
0,0,0,0,0,0,0,0,0,0,0,0,0,0,0,0,
0,0,0,0,0,0,0,0,0,0,0,0,0,0,0,0,
0,0,0,0,0,0,0,0,0,0,0,0,0,0,0,0,
0,0,0,0,0,0,0,0,0,0,0,0,0,0,0,0,
0,0,0,0,0,0,0,0,0,0,0,0,0,0,0,0,
0,0,0,0,0,0,0,0,0,0,0,0,0,0,0,0,
6,0,0,0,0,0,0,0,0,0,0,0,0,0,0,0,
0,0,0,0,0,0,0,0,0,0,0,0,0,0,0,0,
0,0,0,0,0,0,0,0,0,0,0,0,0,0,0,0,
0,0,0,0,0,0,0,0,0,0,0,0,0,0,0,0,
0,0,0,0,0,0,0,0,0,0,0,0,0,0,0,0
</chunk>
   <chunk x="-16" y="16" width="16" height="16">
0,0,0,0,0,0,0,0,0,0,0,0,0,0,0,6,
0,0,0,0,0,0,0,0,0,0,0,0,0,0,4,6,
0,0,0,0,0,0,0,0,0,0,0,0,0,0,0,6,
0,0,0,0,0,0,0,0,0,0,0,0,0,0,0,0,
0,0,0,0,0,0,0,0,0,0,0,0,0,0,0,0,
0,0,0,0,0,0,0,0,0,0,0,0,0,0,0,0,
0,0,0,0,0,0,0,0,0,0,0,0,0,0,0,0,
0,0,0,0,0,0,0,0,0,0,0,0,0,0,0,0,
0,0,0,0,0,0,0,0,0,0,0,0,0,0,0,0,
0,0,0,0,0,0,0,0,0,0,0,0,0,0,0,0,
0,0,0,0,0,0,0,0,0,0,0,0,0,0,0,0,
0,0,0,0,0,0,0,0,0,0,0,0,0,0,0,0,
0,0,0,0,0,0,0,0,0,0,0,0,0,0,0,0,
0,0,0,0,0,0,0,0,0,0,0,0,0,0,0,0,
0,0,0,0,0,0,0,0,0,0,0,0,0,0,0,0,
0,0,0,0,0,0,0,0,0,0,0,0,0,0,0,0
</chunk>
   <chunk x="0" y="16" width="16" height="16">
0,0,6,6,6,0,0,6,4,0,4,6,0,4,6,4,
4,0,0,4,0,0,0,4,0,0,0,4,0,0,0,0,
0,0,0,0,0,0,0,0,0,0,0,0,0,0,0,0,
0,4,0,0,0,0,0,0,0,0,0,0,0,0,0,0,
4,6,4,0,0,0,0,0,0,0,0,0,0,0,0,0,
0,4,0,0,0,0,0,0,0,0,0,0,0,0,0,0,
0,0,0,0,0,0,0,0,0,0,0,0,0,0,0,0,
0,6,4,0,4,6,0,0,0,6,0,0,0,6,0,0,
6,6,6,0,6,6,6,0,6,6,6,0,6,6,6,0,
0,6,0,0,0,6,0,0,4,6,0,0,0,6,4,0,
0,0,0,0,0,0,0,0,0,0,0,0,0,0,0,0,
0,4,0,0,4,6,4,0,0,6,4,0,4,6,0,0,
6,6,6,0,6,6,6,0,4,6,6,0,6,6,4,0,
4,6,4,0,0,4,0,0,0,6,4,0,4,6,0,0,
0,0,0,0,0,0,0,0,0,0,0,0,0,0,0,0,
4,6,6,0,6,6,4,0,0,0,0,0,0,0,0,0
</chunk>
   <chunk x="16" y="16" width="16" height="16">
0,4,6,4,0,0,0,0,0,0,0,0,0,0,0,0,
0,0,4,0,0,0,0,0,0,0,0,0,0,0,0,0,
0,0,0,0,0,0,0,0,0,0,0,0,0,0,0,0,
0,0,0,0,0,0,0,0,0,0,0,0,0,0,0,0,
0,0,0,0,0,0,0,0,0,0,0,0,0,0,0,0,
0,0,0,0,0,0,0,0,0,0,0,0,0,0,0,0,
0,0,0,0,0,0,0,0,0,0,0,0,0,0,0,0,
0,0,0,0,0,0,0,0,0,0,0,0,0,0,0,0,
0,0,0,0,0,0,0,0,0,0,0,0,0,0,0,0,
0,0,0,0,0,0,0,0,0,0,0,0,0,0,0,0,
0,0,0,0,0,0,0,0,0,0,0,0,0,0,0,0,
4,6,4,0,0,0,0,0,0,0,0,0,0,0,0,0,
6,6,6,0,0,0,0,0,0,0,0,0,0,0,0,0,
4,6,4,0,0,0,0,0,0,0,0,0,0,0,0,0,
0,0,0,0,0,0,0,0,0,0,0,0,0,0,0,0,
0,0,0,0,0,0,0,0,0,0,0,0,0,0,0,0
</chunk>
   <chunk x="0" y="32" width="16" height="16">
6,6,6,0,6,6,6,0,0,0,0,0,0,0,0,0,
6,6,4,0,4,6,6,0,0,0,0,0,0,0,0,0,
0,0,0,0,0,0,0,0,0,0,0,0,0,0,0,0,
4,6,0,0,0,6,4,0,4,4,0,0,0,4,4,0,
6,6,4,0,4,6,6,0,4,6,6,0,6,6,4,0,
0,4,4,0,4,4,0,0,0,6,4,0,4,6,0,0,
0,0,0,0,0,0,0,0,0,0,0,0,0,0,0,0,
4,6,6,0,6,6,6,0,6,6,4,0,4,6,4,0,
6,6,6,0,6,6,6,0,6,6,6,0,6,6,6,0,
4,6,6,0,4,6,4,0,6,6,4,0,6,6,6,0,
0,0,0,0,0,0,0,0,0,0,0,0,0,0,0,0,
0,4,0,0,6,6,4,0,0,6,4,0,4,6,0,0,
6,6,6,0,6,6,6,0,4,6,6,0,6,6,4,0,
6,6,4,0,0,4,0,0,0,6,6,0,6,6,0,0,
0,0,0,0,0,0,0,0,0,0,0,0,0,0,0,0,
0,4,0,0,4,6,6,0,0,6,6,0,6,6,0,0
</chunk>
   <chunk x="0" y="48" width="16" height="16">
6,6,6,0,6,6,6,0,4,6,6,0,6,6,4,0,
4,6,6,0,0,4,0,0,0,6,4,0,4,6,0,0,
0,0,0,0,0,0,0,0,0,0,0,0,0,0,0,0,
0,0,0,0,0,0,0,0,0,0,0,0,0,0,0,0,
0,0,0,0,0,0,0,0,0,0,0,0,0,0,0,0,
0,0,0,0,0,0,0,0,0,0,0,0,0,0,0,0,
0,0,0,0,0,0,0,0,0,0,0,0,0,0,0,0,
0,0,0,0,0,0,0,0,0,0,0,0,0,0,0,0,
0,0,0,0,0,0,0,0,0,0,0,0,0,0,0,0,
0,0,0,0,0,0,0,0,0,0,0,0,0,0,0,0,
0,0,0,0,0,0,0,0,0,0,0,0,0,0,0,0,
0,0,0,0,0,0,0,0,0,0,0,0,0,0,0,0,
0,0,0,0,0,0,0,0,0,0,0,0,0,0,0,0,
0,0,0,0,0,0,0,0,0,0,0,0,0,0,0,0,
0,0,0,0,0,0,0,0,0,0,0,0,0,0,0,0,
0,0,0,0,0,0,0,0,0,0,0,0,0,0,0,0
</chunk>
  </data>
 </layer>
 <layer id="2" name="output_ground_map" width="30" height="20" opacity="0.61">
  <data encoding="csv">
   <chunk x="0" y="0" width="16" height="16">
22,0,0,0,0,0,0,0,0,0,0,0,0,0,0,0,
0,0,0,0,0,0,0,0,0,0,0,0,0,0,0,0,
0,0,0,0,0,0,0,0,0,0,0,0,0,0,0,0,
0,22,0,0,4,0,0,0,0,0,0,0,0,0,0,0,
0,0,0,0,0,0,0,0,0,0,0,0,0,0,0,0,
0,0,0,0,0,0,0,0,0,0,0,0,0,0,0,0,
0,0,0,0,0,0,0,0,0,0,0,0,0,0,0,0,
0,21,0,23,0,0,0,0,0,0,0,34,0,0,0,0,
0,0,0,0,0,0,0,10,0,0,0,0,0,0,0,0,
0,0,0,0,0,0,0,0,0,0,0,0,0,0,0,0,
0,0,0,0,0,0,0,0,0,0,0,0,0,0,0,0,
0,0,0,0,0,0,0,0,0,35,0,0,0,0,0,33,
9,0,0,0,11,0,0,0,0,0,0,0,0,0,0,0,
0,0,0,0,0,0,0,0,0,0,0,0,0,0,0,0,
0,0,0,0,0,0,0,0,0,0,0,0,0,0,0,0,
0,0,0,0,0,0,0,0,0,0,0,0,0,0,0,0
</chunk>
   <chunk x="-16" y="16" width="16" height="16">
0,0,0,0,0,0,0,0,0,0,0,0,0,0,0,0,
0,0,0,0,0,0,0,0,0,0,0,0,0,0,0,24,
0,0,0,0,0,0,0,0,0,0,0,0,0,0,0,0,
0,0,0,0,0,0,0,0,0,0,0,0,0,0,0,0,
0,0,0,0,0,0,0,0,0,0,0,0,0,0,0,0,
0,0,0,0,0,0,0,0,0,0,0,0,0,0,0,0,
0,0,0,0,0,0,0,0,0,0,0,0,0,0,0,0,
0,0,0,0,0,0,0,0,0,0,0,0,0,0,0,0,
0,0,0,0,0,0,0,0,0,0,0,0,0,0,0,0,
0,0,0,0,0,0,0,0,0,0,0,0,0,0,0,0,
0,0,0,0,0,0,0,0,0,0,0,0,0,0,0,0,
0,0,0,0,0,0,0,0,0,0,0,0,0,0,0,0,
0,0,0,0,0,0,0,0,0,0,0,0,0,0,0,0,
0,0,0,0,0,0,0,0,0,0,0,0,0,0,0,0,
0,0,0,0,0,0,0,0,0,0,0,0,0,0,0,0,
0,0,0,0,0,0,0,0,0,0,0,0,0,0,0,0
</chunk>
   <chunk x="0" y="16" width="16" height="16">
0,0,0,12,0,0,0,14,0,0,0,13,0,0,25,0,
0,0,0,0,0,0,0,0,0,0,0,0,0,0,0,0,
0,0,0,0,0,0,0,0,0,0,0,0,0,0,0,0,
0,0,0,0,0,0,0,0,0,0,0,0,0,0,0,0,
0,38,0,0,0,0,0,0,0,0,0,0,0,0,0,0,
0,0,0,0,0,0,0,0,0,0,0,0,0,0,0,0,
0,0,0,0,0,0,0,0,0,0,0,0,0,0,0,0,
0,0,0,0,0,0,0,0,0,0,0,0,0,0,0,0,
0,46,0,0,0,45,0,0,0,57,0,0,0,58,0,0,
0,0,0,0,0,0,0,0,0,0,0,0,0,0,0,0,
0,0,0,0,0,0,0,0,0,0,0,0,0,0,0,0,
0,0,0,0,0,0,0,0,0,0,0,0,0,0,0,0,
0,36,0,0,0,37,0,0,0,49,0,0,0,48,0,0,
0,0,0,0,0,0,0,0,0,0,0,0,0,0,0,0,
0,0,0,0,0,0,0,0,0,0,0,0,0,0,0,0,
0,0,0,0,0,0,0,0,0,0,0,0,0,0,0,0
</chunk>
   <chunk x="16" y="16" width="16" height="16">
0,0,26,0,0,0,0,0,0,0,0,0,0,0,0,0,
0,0,0,0,0,0,0,0,0,0,0,0,0,0,0,0,
0,0,0,0,0,0,0,0,0,0,0,0,0,0,0,0,
0,0,0,0,0,0,0,0,0,0,0,0,0,0,0,0,
0,0,0,0,0,0,0,0,0,0,0,0,0,0,0,0,
0,0,0,0,0,0,0,0,0,0,0,0,0,0,0,0,
0,0,0,0,0,0,0,0,0,0,0,0,0,0,0,0,
0,0,0,0,0,0,0,0,0,0,0,0,0,0,0,0,
0,0,0,0,0,0,0,0,0,0,0,0,0,0,0,0,
0,0,0,0,0,0,0,0,0,0,0,0,0,0,0,0,
0,0,0,0,0,0,0,0,0,0,0,0,0,0,0,0,
0,0,0,0,0,0,0,0,0,0,0,0,0,0,0,0,
0,50,0,0,0,0,0,0,0,0,0,0,0,0,0,0,
0,0,0,0,0,0,0,0,0,0,0,0,0,0,0,0,
0,0,0,0,0,0,0,0,0,0,0,0,0,0,0,0,
0,0,0,0,0,0,0,0,0,0,0,0,0,0,0,0
</chunk>
   <chunk x="0" y="32" width="16" height="16">
0,6,0,0,0,59,0,0,0,0,0,0,0,0,0,0,
0,0,0,0,0,0,0,0,0,0,0,0,0,0,0,0,
0,0,0,0,0,0,0,0,0,0,0,0,0,0,0,0,
0,0,0,0,0,0,0,0,0,0,0,0,0,0,0,0,
0,28,0,0,0,27,0,0,0,15,0,0,0,16,0,0,
0,0,0,0,0,0,0,0,0,0,0,0,0,0,0,0,
0,0,0,0,0,0,0,0,0,0,0,0,0,0,0,0,
0,0,0,0,0,0,0,0,0,0,0,0,0,0,0,0,
0,40,0,0,0,52,0,0,0,39,0,0,0,51,0,0,
0,0,0,0,0,0,0,0,0,0,0,0,0,0,0,0,
0,0,0,0,0,0,0,0,0,0,0,0,0,0,0,0,
0,0,0,0,0,0,0,0,0,0,0,0,0,0,0,0,
0,17,0,0,0,29,0,0,0,32,0,0,0,31,0,0,
0,0,0,0,0,0,0,0,0,0,0,0,0,0,0,0,
0,0,0,0,0,0,0,0,0,0,0,0,0,0,0,0,
0,0,0,0,0,0,0,0,0,0,0,0,0,0,0,0
</chunk>
   <chunk x="0" y="48" width="16" height="16">
0,18,0,0,0,30,0,0,0,20,0,0,0,19,0,0,
0,0,0,0,0,0,0,0,0,0,0,0,0,0,0,0,
0,0,0,0,0,0,0,0,0,0,0,0,0,0,0,0,
0,0,0,0,0,0,0,0,0,0,0,0,0,0,0,0,
0,0,0,0,0,0,0,0,0,0,0,0,0,0,0,0,
0,0,0,0,0,0,0,0,0,0,0,0,0,0,0,0,
0,0,0,0,0,0,0,0,0,0,0,0,0,0,0,0,
0,0,0,0,0,0,0,0,0,0,0,0,0,0,0,0,
0,0,0,0,0,0,0,0,0,0,0,0,0,0,0,0,
0,0,0,0,0,0,0,0,0,0,0,0,0,0,0,0,
0,0,0,0,0,0,0,0,0,0,0,0,0,0,0,0,
0,0,0,0,0,0,0,0,0,0,0,0,0,0,0,0,
0,0,0,0,0,0,0,0,0,0,0,0,0,0,0,0,
0,0,0,0,0,0,0,0,0,0,0,0,0,0,0,0,
0,0,0,0,0,0,0,0,0,0,0,0,0,0,0,0,
0,0,0,0,0,0,0,0,0,0,0,0,0,0,0,0
</chunk>
  </data>
 </layer>
</map>
